# nurbs mesh v.2.1
#
# 09-Jan-2019
#
2 2 1 0 0 
PATCH 1 
2 1 
3 2 
0.000000000000000   0.000000000000000   0.000000000000000   1.000000000000000   1.000000000000000   1.000000000000000   
0.000000000000000   0.000000000000000   1.000000000000000   1.000000000000000   
0.200000000000000   0.141421356237310   0.000000000000000   1.000000000000000   0.707106781186548   0.000000000000000   
0.000000000000000   0.141421356237310   0.200000000000000   0.000000000000000   0.707106781186547   1.000000000000000   
1.000000000000000   0.707106781186548   1.000000000000000   1.000000000000000   0.707106781186548   1.000000000000000   
